566daf6b49fc510dfa03e1d0 0 3.94096475766 0
566db09149fc510dfa03e27b 0 2.90915137558 0
566db14f49fc510dfa03e2c0 0 2.91862581491 0
566daf5c49fc510dfa03e1c0 0 2.90722304274 0
566daf7749fc510dfa03e1da 0 2.93398222624 0
566db05849fc510dfa03e260 0 2.91686561523 0
566daf5349fc510dfa03e1b4 0 2.92375343707 0
566db11c49fc510dfa03e2af 0 2.94303772142 0
566dafcb49fc510dfa03e215 0 2.92930927076 0
566db1dc49fc510dfa03e2f7 0 2.92694916389 0
566db14549fc510dfa03e2bd 0 2.93353010766 0
566db21649fc510dfa03e30c 0 2.9242372529 0
566db0e949fc510dfa03e29c 0 2.91797892983 0
566db03749fc510dfa03e252 0 2.92407266987 0
566db01e49fc510dfa03e245 0 2.91512403815 0
566db04149fc510dfa03e255 0 2.94609678866 0
566db27349fc510dfa03e32d 0 2.91797892983 0
566db0ec49fc510dfa03e29d 0 2.91759469193 0
566db23949fc510dfa03e318 0 2.91814742393 0
566daf5e49fc510dfa03e1c2 0 2.9331059718 0
566db0c749fc510dfa03e28f 0 2.92327692184 0
566db0b949fc510dfa03e28a 0 2.92365727971 0
566db10749fc510dfa03e2a8 0 2.92207275914 0
566dafff49fc510dfa03e235 0 2.92694916389 0
566db94c49fc510e22e8dc99 0 4.93979212621 0
566db94949fc510e22e8dc98 0 4.92260841532 0
566dafa849fc510dfa03e1fe 0 3.42921300314 0
566daf6b49fc510dfa03e1d0 0 3.94096475766 0
566db09149fc510dfa03e27b 0 2.90915137558 0
566db14f49fc510dfa03e2c0 0 2.91862581491 0
566daf5c49fc510dfa03e1c0 0 2.90722304274 0
566daf7749fc510dfa03e1da 0 2.93398222624 0
566db05849fc510dfa03e260 0 2.91686561523 0
566daf5349fc510dfa03e1b4 0 2.92375343707 0
566db11c49fc510dfa03e2af 0 2.94303772142 0
566dafcb49fc510dfa03e215 0 2.92930927076 0
566db1dc49fc510dfa03e2f7 0 2.92694916389 0
566db14549fc510dfa03e2bd 0 2.93353010766 0
566db21649fc510dfa03e30c 0 2.9242372529 0
566db0e949fc510dfa03e29c 0 2.91797892983 0
566db03749fc510dfa03e252 0 2.92407266987 0
566db01e49fc510dfa03e245 0 2.91512403815 0
566db04149fc510dfa03e255 0 2.94609678866 0
566db27349fc510dfa03e32d 0 2.91797892983 0
566db0ec49fc510dfa03e29d 0 2.91759469193 0
566db23949fc510dfa03e318 0 2.91814742393 0
566daf5e49fc510dfa03e1c2 0 2.9331059718 0
566db0c749fc510dfa03e28f 0 2.92327692184 0
566db0b949fc510dfa03e28a 0 2.92365727971 0
566db10749fc510dfa03e2a8 0 2.92207275914 0
566dafff49fc510dfa03e235 0 2.92694916389 0
566db94c49fc510e22e8dc99 0 4.93979212621 0
566db94949fc510e22e8dc98 0 4.92260841532 0
566dafa849fc510dfa03e1fe 0 3.42921300314 0
566daf6b49fc510dfa03e1d0 0 3.94096475766 0
